	MAX	EGR2	TEAD1	CRX	KLF3	PAX9	MYOD1	KLF15	PDX1	TLX1	KLF16	KLF12	TFAP2A	SOX5	GATA3	PAX2	ELK3	KLF5	TBXT	NFIX	FOXJ2	TLX3	FLI1	KLF4	FEV	TLX2	SOX6	ERG	ELF4	CPHXL	GCM1	ETV2	GLI2	RFX3	HNF4A	SOX15	KLF9	ETV7	PAX7	PAX6	FOXL1	HOXD12	SPIC	HOXB2	E2F1	TEAD2	ZNF263	TPRX1	ELK1	LHX3	SOX17	FOXI1	ETV3	ZNF808	SP7	ELF2	HOXA10	NFIC	SATB2	NFKB1	SP1	ELF1	FOXQ1	CEBPG	SPIB	LHX4	HOXA11	SATB1	HNF1B	SPI1	FOXA3	ZNF200	RFX6	RFX5	DPRX	FOS	IRF4	NFIB	ETV4	NFIA	PRDM1	TPRX2	STAT5B	IRF1	USF1	SOX9	SOX2	ELK4	KLF10	FIGLA	SOX10	GATA2	IRF9	IRF8	PAX8	ETV1	LHX6	KLF8	VSX1	HOXA2	KLF6	SOX4	HOXA9	HOXA3	POU2F1	ETV5	MYB	GABPA	ELF5	RFX4	ERF	DUX4	TEAD3	IRF5	TBX21	MEF2A	DLX3	STAT3	IRF3	NFYC	YY1	ELF3	HOXA5	MYC	ISX	STAT4	SPDEF	DUXA	CPHXL2	SPZ1	LHX1	HOXA1	LHX2	LEUTX	ETS2	SMAD1	HNF1A	RFX2	FOXJ3	BHLHA15	EHF	ETS1	NFATC4	ARID5B	POU5F1	DUXB	OTX2	GATA1	JAZF1	ESR1	ZBTB7B	TCF3	E2F3	RFX1	NFATC3	FOXA1	PITX1	STAT1	PBX4	TFAP4	CREB1	HOXA4	HSF4	ZHX2	PPARG	ZGPAT	FOXO1	HES7	ETV3L	NR2F6	RFX8	LHX8	SIX4	GCM2	ALX4	ZBTB1	SIX5	ZBTB9	HSF1	MYSM1	GABPB1	ETV6	GPBP1L1	ZBTB33
BLCA	17	6	16	10	14	22	14	16	17	14	17	13	14	14	10	11	16	15	13	3	6	10	5	9	10	11	10	6	12	14	9	3	12	4	4	8	7	12	12	3	6	0	5	7	14	11	7	2	3	5	4	7	7	3	4	5	2	3	5	13	12	2	14	2	2	3	0	11	0	1	0	9	2	1	6	0	9	0	8	1	5	2	10	12	0	1	3	19	8	0	1	0	11	11	1	5	2	1	4	3	2	10	0	1	0	4	6	2	2	4	4	1	2	10	0	3	0	6	9	1	0	7	0	1	1	3	6	0	0	3	0	1	1	0	2	2	0	0	0	0	1	0	6	0	5	1	2	1	0	0	1	0	1	0	2	0	3	1	0	0	0	0	0	0	0	0	0	0	0	0	0	0	0	0	0	0	0	0	0	0	0	0	0	0
BRCA	36	16	29	26	21	38	21	20	26	15	17	23	25	29	19	27	26	23	13	4	21	19	9	14	15	26	18	14	16	23	17	9	19	7	8	14	13	23	19	2	10	1	13	14	31	24	19	5	12	13	12	11	16	9	12	7	5	5	13	22	20	8	22	10	3	10	2	13	1	4	2	14	5	6	18	1	16	0	12	1	8	7	16	12	0	7	4	24	17	1	6	3	15	9	4	10	8	2	5	5	10	14	1	2	0	9	5	1	6	8	8	2	3	17	0	13	0	9	14	1	1	11	0	5	1	5	4	2	3	12	1	1	2	1	3	7	0	0	0	2	3	1	5	0	4	3	1	0	4	1	2	1	5	0	5	0	4	4	0	0	0	0	0	0	0	0	0	0	0	0	0	0	0	0	0	0	0	0	0	0	0	0	0	0
CESC	11	6	13	9	7	17	7	7	12	10	8	13	10	10	9	6	10	11	11	4	5	6	5	5	4	11	11	3	3	9	11	3	6	1	1	9	7	15	8	1	3	0	4	6	6	13	5	3	4	5	6	7	5	2	2	3	1	1	2	10	6	4	7	1	1	1	0	4	2	2	0	1	1	0	8	1	6	0	9	0	2	3	5	5	0	1	3	12	5	0	3	0	7	4	0	1	3	1	3	1	0	5	1	0	0	5	3	1	2	4	2	1	0	3	0	5	0	2	7	0	1	6	0	2	0	1	2	2	0	2	0	0	3	1	1	2	0	0	0	0	0	1	2	0	3	2	1	1	2	0	1	0	1	0	0	0	4	2	0	0	0	0	0	0	0	0	0	0	0	0	0	0	0	0	0	0	0	0	0	0	0	0	0	0
COAD	20	10	27	11	15	25	13	12	16	9	12	21	15	18	9	15	19	16	13	5	13	12	6	5	11	20	18	7	16	18	16	4	10	3	3	9	12	18	13	2	7	1	5	9	18	17	5	3	7	10	7	7	8	4	3	5	5	2	5	17	11	5	10	2	5	3	2	13	0	0	0	7	2	0	11	1	9	0	12	1	3	2	12	10	0	6	4	19	9	0	6	0	12	9	1	3	4	2	3	3	7	8	2	1	0	8	4	1	5	7	4	1	5	12	0	8	0	8	10	1	0	9	0	2	0	4	6	0	2	4	0	0	2	1	1	2	0	0	0	0	3	1	2	0	3	2	1	1	3	0	1	1	2	0	3	0	3	1	0	0	1	0	0	0	0	0	0	0	0	0	0	0	0	0	0	0	0	0	0	0	0	0	0	0
ESCA	7	2	5	5	6	7	3	3	5	4	6	3	6	4	2	3	5	5	7	1	6	6	5	0	4	6	3	1	3	6	3	2	5	1	1	1	2	5	7	0	1	0	2	7	3	6	1	2	2	1	1	7	2	3	1	1	0	1	2	2	2	1	6	1	0	1	0	4	0	1	0	3	0	0	4	0	3	0	3	1	2	1	2	2	0	1	3	3	2	0	1	0	3	5	0	0	0	0	1	2	1	4	0	1	0	2	1	0	0	3	4	0	1	2	0	4	0	3	5	1	0	2	0	0	2	0	0	0	0	2	0	0	1	0	0	2	0	0	0	0	0	2	1	0	0	1	0	0	1	1	0	0	2	0	0	0	2	0	0	0	0	0	0	0	0	0	0	0	0	0	0	0	0	0	0	0	0	0	0	0	0	0	0	0
GBM	7	5	7	5	7	10	6	8	8	7	11	8	14	5	4	6	7	8	5	3	3	6	4	1	3	3	5	2	4	10	9	3	7	2	2	3	3	9	6	1	4	0	1	5	9	6	4	0	3	4	5	3	3	1	1	0	1	2	2	7	6	0	6	0	1	3	1	4	0	4	0	3	1	0	4	0	5	0	8	1	1	0	6	6	0	2	2	7	4	0	3	0	4	4	0	2	1	0	2	1	1	8	0	0	0	3	0	2	0	3	2	0	1	7	0	2	0	2	6	0	0	3	0	0	0	2	1	0	1	1	0	0	0	1	1	1	0	0	0	0	1	1	2	0	2	1	0	1	0	0	1	0	2	0	1	0	3	0	0	0	0	0	0	0	0	0	0	0	0	0	0	0	0	0	0	0	0	0	0	0	0	0	0	0
HNSC	32	14	32	22	22	33	28	20	27	20	20	24	20	20	16	19	23	15	16	5	13	19	12	19	14	20	23	12	19	24	24	6	17	7	4	14	17	23	22	5	10	1	11	13	29	32	10	6	12	13	11	14	12	12	6	7	5	3	10	20	19	9	20	5	7	3	0	19	0	5	1	9	2	1	17	1	18	0	14	2	5	8	13	14	0	6	5	22	23	0	6	0	17	18	2	7	3	1	4	5	8	14	1	1	0	12	8	1	6	9	5	0	5	16	0	11	0	12	16	1	1	11	0	2	2	6	7	1	4	8	1	0	3	1	4	3	0	0	0	0	2	0	8	0	5	4	3	1	6	2	1	0	5	0	7	0	4	5	0	0	1	0	0	0	0	0	0	0	0	0	0	0	0	0	0	0	0	0	0	0	0	0	0	0
KICH	1	0	0	0	0	0	0	1	0	1	1	1	1	0	0	0	0	0	0	0	0	0	0	0	0	1	1	0	0	0	0	0	0	0	0	0	0	0	1	0	0	0	0	1	1	1	0	0	0	0	0	0	1	0	0	0	0	0	0	1	1	0	0	0	0	0	0	0	0	0	0	1	0	0	2	0	0	0	0	0	0	0	0	0	0	1	0	3	0	0	0	0	0	0	0	0	0	0	0	0	0	1	0	0	0	0	0	0	0	0	0	0	0	0	0	2	0	0	1	0	0	0	0	0	0	0	0	0	0	0	0	0	0	0	0	0	0	0	0	0	0	0	0	0	0	0	0	0	0	0	0	0	0	0	0	0	0	0	0	0	0	0	0	0	0	0	0	0	0	0	0	0	0	0	0	0	0	0	0	0	0	0	0	0
KIRC	53	23	51	41	43	56	57	35	36	33	40	42	43	41	23	37	46	44	36	11	23	31	17	27	24	36	34	17	36	40	37	16	33	17	12	26	26	43	35	10	23	2	15	22	40	39	30	11	19	25	22	18	26	20	13	13	9	5	17	38	33	11	34	11	15	12	7	29	0	9	0	15	5	4	34	3	26	1	18	4	11	13	39	19	0	18	7	49	31	6	15	0	28	23	8	14	9	5	7	7	15	27	3	5	0	22	7	3	9	15	9	0	6	25	0	13	0	14	23	2	1	21	1	5	4	11	8	4	3	20	4	2	3	2	7	10	0	0	0	0	4	1	9	0	6	10	2	2	6	3	1	0	9	0	6	0	5	8	1	0	5	0	0	0	0	0	0	0	0	0	0	0	0	0	0	0	0	0	0	0	0	0	0	0
KIRP	22	8	26	13	17	23	16	16	13	13	15	22	22	18	8	12	19	18	14	7	9	10	5	7	9	17	17	4	19	21	16	7	13	6	4	7	11	23	20	4	8	1	5	7	18	15	13	4	8	10	10	9	8	7	5	6	2	2	6	10	15	2	12	3	7	3	2	12	2	3	0	10	4	1	16	2	12	0	13	1	6	2	15	9	0	5	4	21	9	1	5	1	11	11	1	3	2	2	3	2	3	14	2	2	0	7	5	1	2	9	5	1	2	10	0	6	0	8	13	1	2	12	0	1	0	3	5	1	1	5	1	0	1	0	2	1	0	0	0	0	2	2	3	0	1	4	1	1	2	0	2	0	3	0	1	0	4	3	0	0	0	0	0	0	0	0	0	0	0	0	0	0	0	0	0	0	0	0	0	0	0	0	0	0
LAML	12	6	12	5	5	15	10	7	10	9	8	7	7	8	4	8	10	8	5	1	7	8	2	1	8	5	6	4	8	12	4	3	6	4	2	3	1	8	9	3	4	0	3	8	8	5	4	2	3	5	2	5	8	3	5	3	0	2	3	7	7	3	9	1	3	2	0	6	0	1	0	4	2	0	4	0	4	0	6	1	3	2	9	3	0	4	3	7	6	0	2	0	8	11	0	0	3	0	2	1	3	7	1	1	0	2	4	1	1	4	2	0	1	5	0	2	0	4	2	1	0	3	0	1	0	2	3	0	0	2	0	0	0	0	1	2	0	0	0	0	0	2	0	0	1	1	1	1	1	1	1	0	1	0	2	0	3	2	0	0	0	0	0	0	0	0	0	0	0	0	0	0	0	0	0	0	0	0	0	0	0	0	0	0
LGG	53	28	51	42	38	55	49	44	39	34	41	51	37	54	31	39	46	51	29	14	26	30	19	27	25	42	34	18	42	43	34	19	32	16	11	21	31	39	32	5	19	1	15	18	32	42	27	10	21	27	18	22	29	20	15	9	5	5	18	34	36	9	32	9	12	11	7	25	4	10	2	12	5	6	39	2	28	1	21	3	10	9	36	18	0	18	7	45	32	3	16	0	30	21	6	15	12	3	7	6	12	30	6	3	0	21	10	4	4	15	9	0	15	22	0	20	1	19	29	2	1	16	1	2	2	10	8	4	3	16	5	0	3	2	5	6	0	1	0	1	7	3	11	0	4	11	1	1	5	2	3	0	5	1	6	0	4	4	0	0	5	0	0	0	0	0	0	0	0	0	0	0	0	0	0	0	0	0	0	0	0	0	0	0
LIHC	17	7	22	15	14	21	15	14	19	10	15	14	16	14	9	17	16	14	14	6	9	11	7	4	10	12	11	4	11	17	13	2	9	8	5	9	12	17	17	3	8	1	2	7	16	10	10	6	6	10	8	7	10	6	8	4	2	2	9	11	10	7	7	2	2	3	1	11	0	1	0	6	1	0	11	1	11	0	10	2	5	4	12	9	0	5	4	10	12	0	8	0	10	12	1	3	2	0	2	3	2	11	2	2	0	5	5	2	1	5	4	0	5	10	0	4	0	8	8	0	1	6	0	1	1	4	5	2	6	6	1	0	2	1	1	2	0	0	0	0	1	1	3	0	3	3	2	1	0	0	0	0	1	0	4	0	1	3	0	0	0	0	0	0	0	0	0	0	0	0	0	0	0	0	0	0	0	0	0	0	0	0	0	0
LUAD	30	14	30	18	24	38	23	22	22	14	19	25	23	22	14	21	22	23	18	5	17	16	12	10	15	19	19	10	21	29	24	7	21	5	8	14	15	22	21	3	10	2	10	11	29	27	20	7	14	12	8	12	13	7	5	8	5	3	5	18	18	11	19	6	5	5	4	15	2	4	0	9	2	3	16	1	15	0	14	2	11	4	13	15	0	5	5	32	20	1	5	0	15	15	6	8	5	2	2	4	6	17	2	2	0	18	9	2	6	7	9	1	5	12	0	12	0	9	13	1	1	10	1	2	3	5	5	1	4	12	1	0	4	2	0	4	0	0	0	0	3	1	5	0	5	4	2	1	3	1	1	0	5	0	4	0	5	3	0	0	1	0	0	0	0	0	0	0	0	0	0	0	0	0	0	0	0	0	0	0	0	0	0	0
LUSC	23	10	26	18	21	30	22	17	20	15	12	22	20	15	12	18	19	20	16	8	10	12	10	6	10	11	18	7	20	16	17	8	16	4	5	13	16	21	20	5	6	0	7	10	20	18	9	3	8	11	6	7	4	7	7	8	5	3	7	19	14	4	11	7	6	4	1	11	0	6	1	10	3	0	16	2	10	0	12	1	3	3	9	9	0	3	3	23	12	0	3	0	11	14	2	4	6	2	4	2	2	13	2	1	0	10	5	1	2	8	5	1	2	9	0	8	0	5	14	0	2	10	1	2	1	1	7	2	2	6	2	0	3	1	2	5	0	0	0	0	2	2	6	0	2	3	2	1	0	2	2	0	3	0	3	0	5	1	0	0	2	0	0	0	0	0	0	0	0	0	0	0	0	0	0	0	0	0	0	0	0	0	0	0
OV	11	4	13	9	7	12	10	6	11	7	6	10	9	10	8	7	9	9	8	1	7	13	5	2	6	6	8	1	7	6	7	4	4	4	1	6	5	11	4	2	1	0	1	8	9	10	2	2	3	6	3	3	6	1	3	2	0	2	4	3	6	2	7	1	1	1	1	7	0	0	0	3	1	0	7	0	6	0	5	1	2	3	8	1	0	3	1	10	5	0	4	0	5	5	0	1	2	0	3	2	2	5	0	0	0	5	1	1	1	4	3	0	2	3	0	2	0	6	6	0	0	3	0	1	0	2	4	0	1	2	0	0	1	1	1	1	0	0	0	0	1	2	3	0	1	0	0	1	1	0	1	0	0	0	0	0	2	0	0	0	0	0	0	0	0	0	1	0	0	0	0	0	0	0	0	0	0	0	0	0	0	0	0	0
PAAD	15	4	19	8	6	19	11	7	17	7	8	13	12	10	9	8	12	11	10	2	4	7	5	6	4	8	10	1	4	14	6	3	7	4	4	9	4	17	6	3	1	0	5	7	14	10	6	2	5	7	3	5	7	6	2	4	1	2	5	12	9	4	6	3	4	1	0	9	1	2	0	3	1	0	6	2	4	0	8	0	3	2	7	6	0	4	3	10	5	0	3	0	8	7	0	2	0	0	2	2	1	5	2	1	0	6	4	1	1	4	3	0	3	5	0	4	0	5	6	1	0	4	0	2	1	0	7	0	0	4	0	0	2	0	0	3	1	0	0	0	2	1	4	0	2	2	1	1	0	1	1	0	1	0	2	0	3	1	0	0	0	0	0	0	0	0	0	0	0	0	0	0	0	0	0	0	0	0	0	0	0	0	0	0
PCPG	6	3	9	6	8	8	9	5	9	5	11	7	7	7	7	9	7	9	4	1	5	5	3	5	3	6	3	4	5	5	6	2	8	2	2	5	4	6	8	1	3	1	3	4	6	4	4	4	2	3	3	4	4	3	2	1	1	0	8	6	6	2	9	2	0	1	1	7	0	0	0	3	0	0	5	0	5	0	5	0	3	1	4	4	0	2	2	4	5	0	1	1	4	6	1	4	1	0	3	0	0	7	0	0	0	2	2	1	2	1	4	0	0	4	0	3	0	3	8	0	0	3	0	1	1	2	3	2	1	4	0	0	0	1	0	1	0	0	0	0	1	1	4	0	1	1	1	1	1	0	1	0	1	0	0	0	4	3	0	0	0	0	0	0	0	0	0	0	0	0	0	0	0	0	0	0	0	0	0	0	0	0	0	0
PRAD	67	26	63	47	40	80	55	41	53	33	48	48	55	56	44	43	42	48	45	15	33	33	29	34	30	49	36	19	43	44	36	19	32	19	16	24	34	56	40	8	25	2	19	24	57	55	45	12	31	32	26	22	36	26	16	16	9	3	20	51	39	19	36	10	18	13	9	33	4	14	2	16	9	5	47	2	34	0	28	2	13	11	39	24	1	15	6	54	38	2	13	2	31	23	9	20	11	5	6	7	17	30	5	4	0	23	14	7	10	19	12	1	11	26	0	25	0	23	24	0	4	19	2	8	4	12	12	7	6	19	8	0	4	2	7	13	0	0	0	1	5	4	14	0	7	11	4	1	9	3	3	0	7	0	8	0	7	7	0	0	1	0	0	0	1	0	0	0	0	0	0	0	0	0	0	0	0	0	0	0	0	0	0	0
READ	5	2	4	1	3	4	3	1	3	1	4	2	3	3	2	2	4	4	3	1	3	3	2	1	2	0	2	1	1	2	1	1	4	1	1	3	1	3	1	0	2	0	0	6	2	0	2	1	1	2	0	4	3	0	1	3	0	0	1	3	2	2	3	1	1	1	0	1	0	1	0	1	0	0	0	0	1	0	2	0	3	1	2	0	0	1	0	2	1	0	1	0	2	1	0	0	0	0	1	2	0	2	0	1	0	0	2	1	1	3	1	0	0	2	0	1	0	2	1	1	0	1	0	2	0	0	1	0	0	1	0	0	2	0	0	0	0	0	0	0	0	1	0	0	0	0	1	0	1	0	0	0	0	0	0	0	1	1	0	0	0	0	0	0	0	0	0	0	0	0	0	0	0	0	0	0	0	0	0	0	0	0	0	0
SARC	8	5	7	11	8	12	8	8	7	6	7	8	8	5	5	6	9	9	4	1	5	6	4	2	6	8	7	2	3	3	5	3	8	2	1	7	3	6	6	2	2	1	3	9	9	5	4	1	4	4	1	4	4	3	1	1	1	3	4	3	6	0	8	1	3	2	2	4	0	2	0	4	1	1	7	1	5	0	6	1	1	1	5	5	0	1	2	7	6	0	1	0	3	6	1	4	1	0	1	0	1	7	2	0	1	2	1	0	0	3	4	0	0	4	0	1	0	3	5	0	0	4	1	0	0	0	2	1	1	2	0	0	2	0	0	2	0	0	0	0	1	2	1	0	3	0	0	1	1	0	2	0	1	0	2	0	3	0	0	0	1	0	0	0	0	0	0	0	0	0	0	0	0	0	0	0	0	0	0	0	0	0	0	0
STAD	21	12	29	10	16	26	16	11	17	13	12	17	13	15	14	8	18	17	13	5	10	15	13	10	12	15	14	5	14	15	17	4	11	5	5	10	11	16	13	2	8	0	4	10	21	18	7	3	9	13	6	8	7	6	5	7	4	3	3	9	10	6	13	3	4	2	4	12	0	4	0	7	4	1	16	1	15	0	11	1	3	3	14	6	1	5	3	18	12	1	6	0	12	10	2	3	3	1	3	3	4	11	1	3	0	11	4	1	4	5	4	0	6	8	0	7	0	6	10	1	1	7	0	2	1	3	4	0	1	9	0	0	3	1	2	1	0	0	0	0	0	1	4	0	2	3	2	1	1	0	1	1	2	0	1	0	4	4	0	0	1	0	0	0	0	0	0	0	0	0	0	0	0	0	0	0	0	0	0	0	0	0	0	0
TGCT	6	4	9	7	8	14	6	9	9	7	10	6	6	10	4	3	7	8	8	3	4	8	7	2	5	5	9	3	8	6	3	3	7	1	1	4	3	12	4	1	5	0	4	7	7	9	7	2	7	4	2	9	5	6	3	2	0	0	4	6	8	0	8	1	2	2	1	6	1	3	1	1	1	2	7	0	7	0	8	0	5	3	7	6	0	2	1	7	7	0	4	0	6	7	1	3	3	1	3	1	3	7	1	0	0	3	2	2	0	3	4	0	2	6	0	2	0	3	8	0	0	1	1	0	1	1	2	1	2	4	0	0	1	0	0	1	0	0	0	0	2	1	3	0	1	0	0	1	1	0	1	0	2	0	0	0	4	0	0	0	0	0	0	0	0	0	0	0	0	0	0	0	0	0	0	0	0	0	0	0	0	0	0	0
THCA	82	42	88	64	60	100	76	59	76	50	61	70	69	64	37	60	62	60	63	14	38	46	36	37	40	60	51	31	61	66	47	29	48	27	14	41	45	68	51	11	30	2	23	32	65	72	55	13	35	37	32	28	45	29	23	21	10	6	28	60	54	20	49	12	20	21	8	49	3	15	3	30	7	5	52	2	44	0	42	3	19	17	62	33	0	19	8	66	54	4	22	5	46	30	8	19	12	7	9	13	28	37	7	3	0	33	12	8	14	27	15	0	14	41	0	25	1	28	40	2	5	27	2	6	5	19	15	8	10	22	5	0	5	5	11	20	0	1	0	0	7	6	20	0	9	8	5	1	13	2	2	0	10	1	13	0	7	11	0	0	5	0	0	0	0	0	1	0	0	0	0	0	0	0	0	0	0	0	0	0	0	0	0	0
THYM	6	5	16	10	12	8	7	7	11	6	8	8	5	8	8	8	7	14	3	2	6	7	2	1	6	6	9	1	7	9	6	3	12	3	2	5	2	10	7	2	6	1	2	6	5	3	5	2	5	7	5	7	2	1	4	4	2	1	4	4	6	3	7	3	3	1	1	4	1	1	0	5	2	1	6	0	4	0	8	1	3	2	5	7	0	3	2	7	3	0	1	0	5	8	0	5	2	1	3	1	1	10	3	0	0	3	2	1	2	4	4	0	2	6	0	1	0	3	5	0	0	5	0	1	1	2	3	2	1	1	0	0	1	0	1	3	0	0	0	0	1	1	1	0	0	2	1	1	0	0	0	0	3	0	2	0	5	0	0	0	1	0	0	0	0	0	0	0	0	0	0	0	0	0	0	0	0	0	0	0	0	0	0	0
UCEC	2	1	4	3	2	3	2	3	3	3	3	1	2	3	2	2	4	5	3	1	0	1	0	1	3	3	2	1	1	2	2	0	3	0	0	3	4	5	0	0	0	0	2	2	2	1	1	0	0	2	0	1	1	3	0	1	0	0	1	1	1	0	2	2	0	1	0	2	0	0	0	1	1	0	1	0	2	0	4	0	3	0	1	2	0	1	1	1	1	0	1	0	2	2	0	0	0	0	1	1	0	5	0	0	0	0	0	0	0	3	0	0	0	3	0	1	0	1	2	0	0	0	0	0	0	0	0	0	0	2	0	0	0	0	1	0	0	0	0	0	0	2	0	0	0	0	0	0	0	0	0	0	1	0	0	0	2	0	0	0	0	0	0	0	0	0	0	0	0	0	0	0	0	0	0	0	0	0	0	0	0	0	0	0
UVM	2	3	4	4	4	5	5	3	5	1	6	5	3	3	3	3	3	5	1	2	0	2	0	0	3	3	5	1	3	6	3	1	4	0	0	4	3	4	3	0	1	0	0	2	3	4	2	2	2	2	2	3	3	1	1	2	2	1	2	4	3	1	5	0	2	3	0	3	0	0	0	1	0	0	1	0	2	0	4	0	4	2	2	2	0	1	2	4	4	0	1	0	5	4	0	0	0	1	1	0	0	5	0	1	0	0	3	0	1	3	2	0	0	2	0	1	0	3	4	1	0	4	0	1	0	1	3	0	0	2	0	0	0	0	0	0	0	0	0	0	2	1	1	0	1	0	1	0	0	0	1	0	1	0	0	0	1	0	0	0	0	0	0	0	0	0	0	0	0	0	0	0	0	0	0	0	0	0	0	0	0	0	0	0
