	MAX	EGR2	TEAD1	CRX	KLF3	PAX9	MYOD1	KLF15	PDX1	TLX1	KLF16	KLF12	TFAP2A	SOX5	GATA3	PAX2	ELK3	KLF5	TBXT	NFIX	FOXJ2	TLX3	FLI1	KLF4	FEV	TLX2	SOX6	ERG	ELF4	CPHXL	GCM1	ETV2	GLI2	RFX3	HNF4A	SOX15	KLF9	ETV7	PAX7	PAX6	FOXL1	HOXD12	SPIC	HOXB2	E2F1	TEAD2	ZNF263	TPRX1	ELK1	LHX3	SOX17	FOXI1	ETV3	ZNF808	SP7	ELF2	HOXA10	NFIC	SATB2	NFKB1	SP1	ELF1	FOXQ1	CEBPG	SPIB	LHX4	HOXA11	SATB1	HNF1B	SPI1	FOXA3	ZNF200	RFX6	RFX5	DPRX	FOS	IRF4	NFIB	ETV4	NFIA	PRDM1	TPRX2	STAT5B	IRF1	USF1	SOX9	SOX2	ELK4	KLF10	FIGLA	SOX10	GATA2	IRF9	IRF8	PAX8	ETV1	LHX6	KLF8	VSX1	HOXA2	KLF6	SOX4	HOXA9	HOXA3	POU2F1	ETV5	MYB	GABPA	ELF5	RFX4	ERF	DUX4	TEAD3	IRF5	TBX21	MEF2A	DLX3	STAT3	IRF3	NFYC	YY1	ELF3	HOXA5	MYC	ISX	STAT4	SPDEF	DUXA	CPHXL2	SPZ1	LHX1	HOXA1	LHX2	LEUTX	ETS2	SMAD1	HNF1A	RFX2	FOXJ3	BHLHA15	EHF	ETS1	NFATC4	ARID5B	POU5F1	DUXB	OTX2	GATA1	JAZF1	ESR1	ZBTB7B	TCF3	E2F3	RFX1	NFATC3	FOXA1	PITX1	STAT1	PBX4	TFAP4	CREB1	HOXA4	HSF4	ZHX2	PPARG	ZGPAT	FOXO1	HES7	ETV3L	NR2F6	RFX8	LHX8	SIX4	GCM2	ALX4	ZBTB1	SIX5	ZBTB9	HSF1	MYSM1	GABPB1	ETV6	GPBP1L1	ZBTB33
Adipose_Subcutaneous	169	110	185	115	136	206	194	154	139	127	139	176	144	160	96	112	132	150	126	33	81	91	81	91	81	160	128	73	125	163	117	62	88	59	31	108	107	153	139	20	64	11	46	66	159	153	116	59	98	90	97	55	111	82	71	38	21	14	62	127	114	44	89	35	49	44	19	94	10	43	5	51	22	16	117	9	86	3	104	9	40	45	119	64	1	47	8	179	93	6	48	10	98	65	19	54	32	15	14	26	43	89	22	9	0	79	22	14	25	52	31	3	44	92	0	78	1	57	114	3	9	59	10	11	12	49	27	22	27	74	15	3	7	9	31	49	1	1	1	3	20	9	34	1	9	34	12	5	18	7	5	2	11	1	36	1	10	14	1	0	8	0	0	0	1	0	0	0	0	0	0	0	0	0	0	0	0	0	0	0	0	0	0	0
Adipose_Visceral_Omentum	124	95	141	84	111	157	151	121	102	98	101	145	118	133	73	85	107	117	95	25	62	72	76	74	67	123	98	57	103	125	88	46	66	49	22	82	89	121	104	15	55	8	34	51	124	114	98	51	71	75	73	39	81	71	47	29	16	10	43	96	95	36	74	27	39	31	13	73	6	37	5	41	16	12	93	7	72	2	80	5	28	32	98	49	0	39	9	134	81	5	31	6	78	58	17	42	23	12	8	21	40	77	15	6	0	64	17	12	20	43	22	4	37	77	1	68	1	42	93	2	7	51	6	9	12	35	22	17	23	51	13	1	5	9	21	36	1	1	0	2	17	8	27	1	9	31	10	3	15	6	4	1	8	0	26	1	9	12	1	0	7	0	0	1	1	0	0	0	0	0	0	0	0	0	0	0	0	0	0	0	0	0	0	0
Adrenal_Gland	88	53	78	53	70	93	90	77	68	62	71	79	62	80	42	46	81	76	59	18	47	42	44	47	41	68	52	31	59	82	50	22	39	33	14	54	53	76	66	12	22	4	26	41	77	76	51	20	40	41	42	24	54	40	29	25	6	4	29	56	62	28	49	10	23	20	7	37	3	19	2	26	9	7	50	5	45	1	50	5	15	23	56	23	0	22	7	84	51	4	27	2	45	40	12	19	11	7	5	14	26	46	11	3	0	39	16	10	13	30	19	2	14	50	1	39	0	20	53	0	5	29	5	7	9	22	11	11	14	30	8	1	5	4	13	24	1	1	0	1	11	8	17	1	5	18	5	3	9	5	4	0	8	0	11	1	7	11	1	0	4	0	0	1	2	0	0	0	0	0	0	0	0	0	0	0	0	0	0	0	0	0	0	0
Artery_Aorta	143	86	141	95	121	163	149	121	114	99	108	140	113	127	77	85	121	124	106	29	68	73	77	69	72	120	101	61	110	135	90	49	78	50	23	90	87	128	117	15	52	9	46	53	128	129	99	50	86	79	73	39	94	73	54	34	16	8	53	111	101	37	80	22	40	36	11	75	10	31	4	41	19	13	88	7	76	3	88	9	26	37	103	44	1	35	8	140	81	6	35	5	79	59	14	47	26	15	11	22	42	74	16	8	0	72	17	15	23	41	28	6	28	83	1	61	1	48	93	2	6	46	6	8	11	36	23	17	21	64	12	2	6	11	25	32	2	1	0	4	19	9	26	1	8	28	14	2	12	5	5	1	13	0	27	1	11	13	1	0	7	1	0	1	1	0	1	0	0	0	0	0	0	0	0	0	0	0	0	0	0	0	0	0
Artery_Coronary	67	40	59	44	54	80	58	52	53	51	45	66	54	63	33	38	56	64	48	10	35	35	36	39	33	57	45	21	48	68	43	22	39	28	10	33	38	60	57	8	23	3	19	28	63	54	43	21	32	35	32	16	36	35	24	16	5	4	21	49	42	18	37	9	16	14	2	33	1	18	0	21	11	8	37	5	39	1	38	4	13	15	39	13	0	25	6	62	37	4	16	3	33	31	9	21	10	8	6	12	24	41	8	3	0	29	11	6	10	22	13	3	12	38	0	30	0	22	43	1	1	22	4	5	9	17	7	10	11	31	6	1	3	4	7	14	0	1	0	1	6	5	14	1	6	17	5	2	5	3	1	1	9	0	11	0	7	7	1	0	2	1	0	1	1	0	0	0	0	0	0	0	0	0	0	0	0	0	0	0	0	0	0	0
Artery_Tibial	177	107	174	116	143	215	183	146	137	124	141	186	139	162	93	118	148	158	137	32	81	97	93	92	87	160	122	69	128	167	111	60	96	59	29	115	107	154	142	21	69	10	55	62	154	162	124	57	105	93	88	57	109	81	59	38	21	10	61	133	128	44	94	28	47	43	19	94	10	42	4	47	27	17	110	10	96	4	105	7	37	44	126	61	2	46	10	174	101	7	44	7	98	72	22	53	37	14	19	26	48	96	21	9	0	86	19	18	27	52	30	4	48	107	1	74	0	57	117	6	8	57	7	10	13	50	30	21	24	78	15	1	5	9	28	45	2	1	0	5	21	10	37	1	13	36	11	4	16	9	4	3	13	1	32	1	11	15	1	0	9	2	0	1	1	0	1	0	0	0	0	0	0	0	0	0	0	0	0	0	0	0	0	0
Brain_Amygdala	31	17	34	23	31	41	38	28	29	25	23	38	24	35	12	17	33	23	25	6	16	19	18	20	18	27	25	14	26	38	20	10	19	15	6	24	22	33	24	5	12	0	10	14	30	32	21	11	20	17	16	11	22	15	9	6	2	2	13	21	21	10	20	6	9	7	2	14	3	7	1	9	1	3	27	2	21	0	16	1	5	6	21	10	0	13	5	30	28	0	7	1	21	19	4	9	3	3	5	5	10	26	5	2	0	21	6	2	5	10	7	0	6	20	0	22	0	12	21	0	2	13	4	2	4	12	4	3	5	14	3	0	2	2	1	10	0	1	0	0	6	4	7	0	2	13	3	1	4	2	2	0	6	1	2	0	5	4	0	0	1	0	0	0	2	0	0	0	0	0	0	0	0	0	0	0	0	0	0	0	0	0	0	0
Brain_Anterior_cingulate_cortex_BA24	44	31	57	31	41	67	55	49	46	33	38	55	40	47	22	27	46	40	39	11	26	32	27	24	31	52	37	17	38	53	32	14	29	20	6	35	34	53	46	6	20	0	17	20	45	44	28	18	23	27	23	17	34	31	13	15	4	3	19	31	32	9	26	12	14	10	3	23	2	15	0	12	3	5	37	2	29	0	36	3	8	13	26	19	0	17	5	47	32	1	15	0	27	29	4	15	9	2	5	9	12	28	6	4	0	23	7	4	8	14	10	0	11	26	0	31	0	15	34	1	3	20	3	4	8	14	4	7	6	22	3	1	2	3	4	12	0	1	0	0	3	5	13	0	2	20	4	1	5	3	2	0	6	1	8	0	5	6	0	0	5	0	0	0	2	0	0	0	0	0	0	0	0	0	0	0	0	0	0	0	0	0	0	0
Brain_Caudate_basal_ganglia	75	53	93	54	67	103	100	80	75	59	71	96	69	86	41	54	74	72	71	21	37	44	41	44	45	74	63	38	68	79	56	23	50	29	14	67	60	87	70	11	29	2	23	31	87	80	53	32	43	39	39	30	50	41	28	20	7	5	29	59	54	19	54	18	27	15	8	46	5	24	2	24	8	8	57	7	47	1	52	5	15	24	64	34	1	26	7	81	61	4	23	3	42	45	7	23	13	5	8	13	28	44	10	3	0	40	12	7	13	23	17	2	18	52	0	37	1	32	53	2	4	34	4	4	10	24	12	9	13	33	8	1	3	3	14	24	1	1	0	0	9	8	15	1	7	21	7	1	9	5	4	0	8	1	15	0	6	8	0	0	6	0	0	0	1	0	0	0	0	0	0	0	0	0	0	0	0	0	0	0	0	0	0	0
Brain_Cerebellar_Hemisphere	90	59	105	65	71	114	100	89	85	70	70	105	72	82	52	59	81	87	79	21	42	46	51	51	52	85	77	34	76	91	60	24	54	37	19	57	61	86	86	15	38	5	34	27	92	97	59	33	54	54	48	35	64	49	34	27	13	5	34	64	61	28	45	15	27	15	12	44	5	21	1	23	11	7	67	5	55	0	60	5	20	24	68	30	0	28	5	99	54	3	25	1	53	43	8	23	15	7	8	13	25	56	13	6	0	45	17	8	14	35	16	0	23	51	0	46	0	29	67	2	4	37	3	4	10	34	16	11	15	41	11	1	5	6	10	22	2	1	0	2	13	6	15	1	7	25	9	1	9	3	3	0	10	1	14	0	7	12	1	0	3	0	0	0	2	0	1	0	0	0	0	0	0	0	0	0	0	0	0	0	0	0	0	0
Brain_Cerebellum	118	65	137	76	99	133	109	103	104	84	89	125	78	102	63	75	102	100	98	30	53	58	55	61	61	100	94	53	87	111	75	26	62	45	21	72	82	107	93	14	44	6	35	36	108	101	72	34	67	54	51	40	73	60	37	26	11	6	43	82	80	30	60	16	29	22	12	58	7	21	2	27	15	8	74	6	66	2	70	6	20	27	86	34	0	39	8	115	67	6	29	2	67	52	13	32	21	14	9	15	28	59	14	7	0	52	17	9	12	37	18	2	30	62	0	56	0	36	79	2	6	45	3	6	10	39	16	14	17	52	13	1	4	5	12	26	2	1	0	2	14	7	24	2	7	26	8	1	8	4	3	0	10	1	22	0	9	13	1	0	6	0	0	0	2	0	1	0	0	0	0	0	0	0	0	0	0	0	0	0	0	0	0	0
Brain_Cortex	91	59	101	60	68	117	99	83	82	68	70	100	77	85	48	59	79	69	72	22	44	49	44	55	48	83	73	44	65	86	56	26	51	32	12	66	58	85	79	12	37	3	27	32	85	87	59	31	47	50	44	30	50	43	36	23	9	5	32	65	63	22	48	18	29	17	8	51	6	21	2	21	8	6	59	5	53	2	48	7	16	20	63	35	0	25	8	94	55	4	26	1	51	48	10	24	15	8	10	14	23	54	11	5	0	44	13	10	12	29	14	2	24	57	0	42	0	27	55	3	6	35	3	5	13	31	15	8	11	35	8	1	3	6	12	21	0	1	0	1	9	6	21	0	7	23	8	2	7	2	3	0	10	2	14	1	6	10	0	0	4	0	0	0	2	0	0	0	0	0	0	0	0	0	0	0	0	0	0	0	0	0	0	0
Brain_Frontal_Cortex_BA9	64	47	79	48	58	90	81	67	62	49	56	84	55	73	34	42	69	62	54	16	35	39	36	40	42	65	55	26	60	69	47	22	41	24	10	53	45	72	57	10	26	3	22	24	67	64	43	22	40	31	32	30	46	40	26	19	6	6	26	57	52	17	40	14	21	12	6	36	3	17	0	15	4	5	53	3	43	1	41	4	9	23	53	24	0	19	5	66	55	2	21	3	39	43	5	19	11	8	8	12	19	41	8	5	0	29	11	7	9	21	12	0	16	44	0	35	0	21	47	3	4	25	3	4	8	22	9	9	13	28	6	1	2	5	13	22	1	1	0	0	9	6	19	0	7	15	7	1	7	2	3	0	9	2	10	1	7	9	0	0	4	0	0	0	2	0	0	0	0	0	0	0	0	0	0	0	0	0	0	0	0	0	0	0
Brain_Hippocampus	48	28	57	39	50	73	50	49	42	34	39	59	44	50	21	26	51	43	42	12	25	30	27	34	28	45	42	20	39	47	35	18	32	21	9	43	37	57	38	7	18	1	17	25	50	49	25	15	24	26	27	19	28	29	17	13	5	3	20	37	38	11	29	10	14	9	5	25	2	14	2	11	5	4	33	3	29	1	33	3	9	14	37	18	0	19	7	55	32	4	11	0	28	29	5	19	5	3	6	11	16	28	6	3	0	23	10	3	7	18	9	1	10	30	0	26	0	19	31	1	2	21	3	3	7	17	9	7	7	23	3	1	3	4	3	14	0	1	0	0	6	5	7	0	3	14	6	1	8	2	3	0	7	1	9	0	7	4	0	0	3	0	0	0	2	0	0	0	0	0	0	0	0	0	0	0	0	0	0	0	0	0	0	0
Brain_Hypothalamus	47	33	55	31	52	71	60	49	41	36	42	63	41	53	22	36	50	51	45	14	30	33	31	33	30	50	43	21	41	55	39	15	30	17	8	40	43	49	53	8	22	2	16	22	52	48	33	17	26	23	30	19	35	32	18	14	5	5	17	47	41	12	39	11	16	11	5	32	3	13	3	14	4	5	35	2	33	1	31	4	12	16	42	16	0	16	6	50	40	2	18	0	28	30	3	16	7	2	7	11	18	33	7	4	0	27	9	5	9	18	14	0	14	33	0	25	0	18	35	0	2	20	3	3	5	18	10	4	10	26	3	1	2	4	6	15	0	1	0	0	5	3	14	1	6	15	4	1	5	2	2	0	8	2	7	0	6	5	0	0	2	0	0	0	1	0	0	0	0	0	0	0	0	0	0	0	0	0	0	0	0	0	0	0
Brain_Nucleus_accumbens_basal_ganglia	75	56	84	53	67	96	82	76	62	58	64	85	71	78	34	56	75	72	57	19	39	42	45	47	47	68	56	34	65	75	49	23	40	26	13	56	57	74	61	11	29	2	22	28	70	66	53	30	39	39	42	25	43	39	29	22	7	5	33	60	52	17	47	15	20	15	10	44	4	18	2	18	9	8	45	4	38	1	45	5	14	21	55	27	1	22	7	75	52	2	20	3	38	36	7	24	15	10	8	17	22	45	9	4	0	38	13	6	13	25	16	1	17	57	0	33	0	22	49	1	3	30	3	3	11	22	8	9	14	34	7	1	4	3	13	25	1	1	0	0	6	5	17	1	5	17	5	2	9	3	3	0	11	2	12	1	8	10	0	0	4	0	0	0	1	0	0	0	0	0	0	0	0	0	0	0	0	0	0	0	0	0	0	0
Brain_Putamen_basal_ganglia	61	50	72	44	55	85	77	67	52	50	52	79	60	64	31	42	62	60	60	21	34	36	38	40	36	57	52	27	54	66	40	23	42	23	12	46	47	68	65	10	23	2	17	24	70	60	44	25	36	34	37	28	41	36	19	17	4	5	26	51	45	17	45	16	17	11	9	35	3	16	1	14	4	5	48	4	35	0	38	3	10	16	50	23	0	23	6	66	45	1	20	1	37	34	8	24	9	6	9	9	18	40	8	3	0	30	14	7	11	22	12	2	15	45	0	35	0	22	44	1	3	26	3	3	6	25	12	8	12	26	6	0	5	4	9	21	1	1	0	1	7	6	15	1	3	19	6	1	8	4	2	0	8	2	9	0	5	7	0	0	2	0	0	0	1	0	0	0	0	0	0	0	0	0	0	0	0	0	0	0	0	0	0	0
Brain_Spinal_cord_cervical_c-1	39	20	43	28	37	51	44	42	33	25	40	45	31	38	20	19	38	37	26	8	23	23	17	22	18	33	29	16	30	35	25	12	17	10	7	24	30	41	34	3	9	2	12	18	40	31	24	15	24	20	20	14	24	19	12	8	2	2	16	34	30	7	21	7	7	9	3	21	1	9	0	9	3	0	26	4	20	1	17	2	4	7	27	9	0	13	5	43	28	1	12	0	17	21	3	10	6	3	4	8	12	22	4	2	0	19	5	3	4	11	5	0	9	21	0	19	0	14	30	0	1	12	2	1	4	15	6	2	8	17	3	0	1	3	4	9	0	1	0	0	4	3	7	1	5	7	3	1	6	1	2	0	6	0	8	0	6	4	0	0	1	0	0	0	1	0	0	0	0	0	0	0	0	0	0	0	0	0	0	0	0	0	0	0
Brain_Substantia_nigra	29	13	22	15	23	30	28	20	26	19	21	30	22	32	10	15	19	21	14	6	10	17	16	16	9	17	21	7	21	24	21	8	17	10	5	16	16	27	23	5	7	0	8	14	23	22	15	8	14	10	13	9	15	12	7	6	1	1	9	19	21	8	12	5	4	6	1	14	1	6	0	6	1	0	18	1	18	0	13	1	2	4	15	11	0	9	5	21	22	0	7	0	15	16	2	10	3	2	5	4	8	16	1	1	0	11	6	1	3	9	4	0	6	14	0	13	0	9	16	0	1	8	1	3	1	9	4	1	3	11	3	0	1	3	0	7	0	0	0	0	4	3	5	0	1	6	2	1	2	0	1	0	5	0	5	0	5	2	0	0	1	0	0	0	2	0	0	0	0	0	0	0	0	0	0	0	0	0	0	0	0	0	0	0
Breast_Mammary_Tissue	115	80	115	69	96	139	118	97	91	88	96	123	93	111	62	71	95	103	92	21	50	60	62	69	64	117	85	49	91	112	82	27	60	37	14	79	74	100	92	13	42	5	33	35	106	99	74	35	73	62	64	39	75	61	41	27	14	8	49	81	81	29	69	20	33	23	8	59	4	29	3	35	13	11	81	6	63	1	75	3	21	31	87	46	0	34	6	117	68	5	29	1	63	55	12	38	21	12	9	17	36	68	13	7	0	58	13	13	19	36	24	3	22	67	0	52	1	37	81	2	6	41	6	10	10	30	18	11	15	50	10	1	5	7	21	28	0	1	0	2	15	5	25	1	10	25	9	2	10	4	3	0	7	0	22	1	9	11	1	0	6	0	0	0	1	0	0	0	0	0	0	0	0	0	0	0	0	0	0	0	0	0	0	0
Cells_Cultured_fibroblasts	179	124	196	130	143	222	199	170	135	135	137	194	136	163	102	123	156	154	138	44	86	88	91	84	86	161	129	79	133	167	129	55	95	59	28	122	115	158	147	22	71	8	54	62	168	154	120	65	95	87	94	60	132	81	65	39	26	12	67	141	137	42	97	31	49	40	25	93	12	42	6	55	22	16	102	11	94	1	106	9	35	45	133	59	2	46	8	170	105	5	48	7	109	76	25	64	31	17	18	26	52	94	22	9	0	93	24	16	21	53	34	8	45	104	1	78	0	66	126	4	11	63	7	13	15	48	30	16	30	77	17	3	7	9	33	53	4	2	0	5	28	10	39	1	11	36	13	4	17	6	6	4	14	0	37	1	12	14	0	0	9	0	0	0	1	0	0	0	0	0	0	0	0	0	0	0	0	0	0	0	0	0	0	0
Cells_EBV-transformed_lymphocytes	37	25	51	25	37	54	35	36	39	34	37	43	32	47	20	26	38	38	31	10	21	27	23	24	28	42	31	20	36	40	24	11	30	16	5	22	31	38	38	4	24	2	11	17	49	34	22	15	17	27	22	12	25	25	16	11	9	3	16	34	28	13	26	7	13	11	4	33	2	14	1	10	4	3	23	2	30	0	19	2	8	10	37	13	0	12	2	42	31	1	13	0	27	19	2	9	8	1	4	3	15	19	7	1	0	21	9	5	6	12	7	1	12	30	0	18	0	18	29	1	1	12	1	3	6	13	8	6	6	12	3	0	3	2	10	7	0	1	0	1	6	4	5	0	2	14	5	1	3	1	1	0	1	0	7	1	3	4	0	0	1	0	0	0	1	0	1	0	0	0	0	0	0	0	0	0	0	0	0	0	0	0	0	0
Colon_Sigmoid	104	78	123	75	106	144	128	103	96	84	88	110	92	107	64	74	103	116	80	19	53	65	63	58	60	95	80	50	93	106	80	37	58	41	19	76	66	107	93	14	47	5	31	43	100	104	77	51	65	67	62	41	70	63	50	26	11	8	43	86	94	30	70	17	28	31	10	61	7	28	4	33	16	11	75	7	64	1	77	7	28	29	83	42	0	28	7	124	69	5	27	6	67	56	13	36	18	12	9	19	34	72	12	9	0	58	15	15	16	37	21	3	30	68	0	47	1	43	84	2	5	45	5	8	11	35	18	14	19	53	9	1	5	7	18	30	0	0	1	2	12	8	25	0	8	27	9	3	9	4	2	2	11	0	21	0	9	11	1	0	4	0	0	0	1	0	0	0	0	0	0	0	0	0	0	0	0	0	0	0	0	0	0	0
Colon_Transverse	118	72	129	75	102	149	130	102	101	87	93	122	96	114	64	74	104	107	86	26	56	60	60	65	61	109	87	53	98	108	85	35	65	43	14	71	76	116	91	12	42	4	32	44	114	112	87	41	64	72	62	38	74	66	48	27	16	7	45	91	84	30	64	22	38	27	13	57	6	29	2	35	14	11	82	7	68	1	74	5	24	29	92	44	0	32	6	127	75	4	34	2	66	60	14	31	19	10	12	22	34	66	13	5	0	57	16	14	19	41	22	1	25	72	1	50	1	46	82	1	4	46	4	7	13	32	21	16	22	48	11	2	6	6	22	31	1	1	0	1	12	7	22	1	9	25	8	4	11	5	3	1	11	0	21	1	7	10	0	0	6	0	0	0	1	0	0	0	0	0	0	0	0	0	0	0	0	0	0	0	0	0	0	0
Esophagus_Gastroesophageal_Junction	105	67	112	68	98	140	115	97	89	86	90	117	88	101	59	73	90	95	87	21	51	59	53	60	64	104	75	46	79	103	74	36	58	40	15	70	66	101	92	11	43	6	34	40	100	103	63	44	59	62	60	32	73	62	38	24	15	6	45	87	80	30	59	19	30	28	13	57	5	26	3	33	15	11	76	6	64	2	63	6	20	26	81	41	0	33	8	111	69	4	29	3	57	56	13	31	19	11	7	20	30	68	15	9	0	50	13	16	18	36	20	1	21	68	1	53	0	37	77	1	5	38	4	7	10	30	18	14	20	46	12	1	5	8	18	27	0	1	0	3	14	7	21	1	10	24	8	2	9	5	2	1	12	0	21	1	8	11	0	1	6	0	0	0	1	0	0	0	0	0	0	0	0	0	0	0	0	0	0	0	0	0	0	0
Esophagus_Mucosa	172	115	164	107	148	190	173	134	129	112	130	160	139	143	87	112	128	138	112	33	82	79	85	89	76	147	106	66	111	148	112	56	82	56	23	90	94	138	136	21	53	8	52	58	150	128	113	53	85	84	84	52	98	80	64	40	19	10	59	112	111	45	84	28	52	32	22	88	10	41	4	44	16	16	106	9	82	1	103	6	36	43	117	54	0	40	9	162	88	7	43	4	92	72	21	55	31	16	16	24	49	89	17	9	0	78	22	19	26	51	32	5	37	91	1	76	1	50	117	2	6	57	6	9	13	37	25	18	27	68	14	3	6	7	28	46	1	0	0	5	18	11	30	1	10	35	9	3	12	6	3	2	12	0	35	1	11	14	1	1	7	0	0	0	2	0	0	0	0	0	0	0	0	0	0	0	0	0	0	0	0	0	0	0
Esophagus_Muscularis	164	102	161	100	144	187	176	143	124	116	125	162	129	154	83	102	137	153	117	26	73	80	80	83	80	141	113	68	121	155	112	53	84	53	26	104	103	136	130	15	57	8	48	58	146	143	98	51	87	86	88	50	99	82	59	35	20	8	61	120	118	39	87	26	49	37	20	83	6	36	8	45	22	20	112	7	80	2	100	8	38	40	117	50	1	44	11	160	94	6	37	6	93	68	18	57	23	14	16	23	45	92	16	13	0	70	19	17	21	49	28	3	41	84	1	69	0	61	116	4	8	57	7	10	14	46	24	18	27	69	13	2	6	7	26	43	0	2	0	3	21	9	35	2	15	34	10	4	13	7	3	3	11	1	36	1	9	14	1	1	7	0	0	1	1	0	0	0	0	0	0	0	0	0	0	0	0	0	0	0	0	0	0	0
Heart_Atrial_Appendage	121	88	132	76	99	136	123	107	98	102	98	122	101	108	76	73	96	110	93	26	63	61	67	64	59	111	82	50	90	111	83	39	68	43	18	84	74	110	99	13	47	6	39	44	111	105	79	39	70	61	62	37	71	67	45	28	15	6	49	82	85	28	63	23	31	30	12	66	8	29	5	33	20	12	83	8	62	1	77	5	27	30	82	45	0	35	8	123	71	7	29	3	61	52	15	39	22	12	5	19	35	74	15	9	0	53	16	11	16	39	22	5	23	72	1	58	0	37	81	3	5	48	6	7	12	30	18	15	17	49	11	0	3	6	19	31	0	1	1	4	13	5	25	1	11	27	8	2	9	6	4	0	9	0	20	1	8	10	1	0	7	0	0	1	2	0	0	0	0	0	0	0	0	0	0	0	0	0	0	0	0	0	0	0
Heart_Left_Ventricle	128	84	114	66	98	138	123	99	86	98	96	121	101	109	66	67	99	101	95	22	58	50	64	58	57	96	80	46	89	114	88	36	66	43	16	77	78	103	97	14	41	6	33	38	106	102	72	38	69	66	58	42	71	63	37	24	12	8	46	88	85	26	64	18	37	22	11	63	7	30	4	28	17	12	72	10	63	3	73	5	24	30	86	46	1	27	6	116	75	5	30	2	64	54	11	35	21	9	6	16	32	66	12	5	0	50	15	12	19	34	23	3	21	68	0	45	0	39	75	3	5	44	5	7	11	35	17	12	19	52	13	0	4	7	23	29	1	1	1	3	11	6	23	1	9	26	8	2	9	4	2	0	9	0	18	1	8	11	1	0	6	0	0	1	1	0	0	0	0	0	0	0	0	0	0	0	0	0	0	0	0	0	0	0
Kidney_Cortex	5	3	10	4	7	13	10	3	8	4	9	10	2	10	4	7	7	7	4	1	4	3	3	4	6	7	8	4	5	10	6	1	6	3	1	4	5	7	7	4	1	0	3	5	11	8	3	2	3	5	4	3	11	6	2	1	2	0	6	8	6	2	4	0	2	1	1	3	1	0	0	4	0	0	6	1	4	0	6	0	3	4	4	5	0	3	2	7	7	0	1	0	3	4	0	1	2	0	1	1	3	6	1	0	0	6	1	1	2	4	1	0	0	5	0	3	0	3	4	0	0	4	1	0	2	3	2	1	1	3	0	0	0	1	1	1	0	0	0	0	1	1	1	0	1	3	0	0	2	0	1	0	1	0	0	0	3	3	0	0	0	0	0	0	0	0	0	0	0	0	0	0	0	0	0	0	0	0	0	0	0	0	0	0
Liver	56	35	52	35	45	70	61	52	51	33	53	57	46	52	22	37	41	50	37	11	39	33	24	30	32	52	43	25	39	54	39	13	34	19	8	31	31	57	51	5	22	2	15	26	46	50	33	13	19	25	26	20	35	32	21	10	6	2	20	36	45	9	38	5	14	13	5	32	5	15	1	16	5	2	38	4	31	0	35	2	13	15	47	22	0	14	4	56	33	3	18	1	37	29	5	14	11	1	6	9	17	29	8	4	0	29	7	5	3	17	7	1	9	33	0	23	0	22	32	2	3	21	2	2	6	18	6	8	12	22	2	1	3	2	5	12	1	1	0	0	7	4	14	1	5	17	3	1	8	2	3	1	3	0	6	0	5	5	1	0	4	0	0	0	1	0	0	0	0	0	0	0	0	0	0	0	0	0	0	0	0	0	0	0
Lung	153	94	165	101	124	173	165	126	116	112	114	154	127	141	84	94	115	135	106	23	74	80	84	86	69	136	110	64	106	134	105	48	85	51	25	93	85	130	116	19	56	7	42	54	134	130	104	50	86	87	81	49	87	68	56	31	21	6	66	118	104	35	81	25	42	38	15	79	10	34	6	43	21	11	105	9	77	1	83	7	32	38	107	53	0	39	11	147	91	7	34	5	77	61	17	49	23	12	12	22	42	86	14	10	1	70	17	12	19	45	24	4	36	88	2	73	1	49	101	4	8	61	5	9	14	40	25	23	26	64	10	2	6	6	23	39	2	1	0	3	19	6	26	1	12	32	10	4	13	5	2	2	10	1	26	1	11	12	1	0	9	1	0	0	1	0	0	0	0	0	0	0	0	0	0	0	0	0	0	0	0	0	0	0
Minor_Salivary_Gland	39	19	43	26	34	48	33	34	30	31	25	36	33	38	17	22	32	36	35	7	22	24	19	23	16	30	30	13	24	39	26	13	22	17	4	26	25	43	36	5	12	0	14	19	42	35	25	13	21	18	19	10	24	21	15	10	6	3	21	22	23	10	25	8	12	9	2	19	1	7	0	10	3	4	30	3	19	1	24	2	7	15	24	13	0	12	4	40	23	3	11	0	22	20	4	10	5	4	4	2	10	23	6	2	0	17	4	6	8	14	5	2	6	24	0	20	0	12	26	0	1	16	2	1	5	9	6	7	8	18	1	0	4	2	9	14	0	1	0	1	5	4	6	0	2	11	1	1	5	1	2	0	4	0	5	0	5	5	0	0	2	0	0	0	1	0	0	0	0	0	0	0	0	0	0	0	0	0	0	0	0	0	0	0
Muscle_Skeletal	171	116	173	115	146	213	189	143	136	122	131	169	137	156	90	108	129	148	126	40	79	93	84	84	87	139	112	76	131	144	114	57	95	56	31	109	96	136	131	19	62	7	47	60	142	143	118	62	102	89	88	56	100	86	68	37	23	7	60	134	124	38	88	27	48	43	22	86	10	36	3	51	25	16	109	13	81	2	96	6	31	41	126	60	2	41	9	165	90	7	44	6	96	68	22	54	35	17	13	24	45	89	17	7	1	78	23	13	21	47	30	5	38	99	0	71	0	64	121	4	9	58	7	11	16	42	23	22	25	73	13	2	7	8	30	43	1	3	1	6	17	7	30	1	13	31	12	3	17	5	4	1	12	0	34	1	9	15	1	0	10	1	0	2	1	0	1	0	0	0	0	0	0	0	0	0	0	0	0	0	0	0	0	0
Nerve_Tibial	190	125	203	125	158	216	203	167	148	124	153	194	154	171	102	127	154	170	129	37	93	103	94	95	88	170	138	85	133	175	119	64	104	66	30	121	112	159	150	21	78	9	53	69	162	173	136	63	104	102	98	63	126	89	67	40	24	10	71	154	134	48	99	32	54	48	21	96	12	46	5	54	29	18	114	12	98	3	112	7	40	43	137	67	2	49	14	187	101	8	46	7	105	80	23	61	36	17	19	25	50	100	22	10	0	87	23	18	27	54	28	7	46	110	1	90	1	62	122	5	7	61	8	11	19	52	30	31	27	77	14	3	5	9	32	47	3	1	0	5	23	11	40	2	13	36	10	4	16	8	3	2	12	1	41	1	11	17	1	1	9	1	0	1	3	0	0	0	0	0	0	0	0	0	0	0	0	0	0	0	0	0	0	0
Ovary	59	35	52	43	42	61	49	37	43	34	40	51	41	44	26	26	47	47	40	7	29	26	31	36	27	49	38	19	38	49	35	14	29	21	6	33	29	47	39	9	22	5	18	25	52	43	41	17	31	28	23	16	32	21	19	14	3	3	25	36	37	10	25	7	15	12	5	25	1	11	1	17	4	3	28	2	20	0	27	2	9	13	36	17	0	15	3	64	27	2	12	0	28	24	4	21	9	7	7	9	16	28	7	3	0	29	5	4	9	19	8	2	11	31	1	24	0	14	30	1	1	18	1	2	6	16	7	6	9	20	2	0	2	4	11	15	1	1	0	1	6	3	14	1	4	10	5	1	4	0	2	0	7	0	5	0	6	6	1	0	1	0	0	0	1	0	0	0	0	0	0	0	0	0	0	0	0	0	0	0	0	0	0	0
Pancreas	107	67	114	63	95	146	119	96	87	86	86	113	80	104	52	69	89	97	86	20	54	66	54	56	61	97	83	48	76	107	70	33	58	37	10	76	72	103	86	13	49	4	31	44	109	100	72	35	63	62	50	32	64	52	43	26	12	6	48	85	82	29	62	14	35	27	10	60	4	31	3	24	12	13	84	7	63	1	65	5	21	33	90	37	0	32	5	128	71	4	33	1	65	51	9	33	21	9	8	16	30	65	14	6	1	59	15	15	17	33	20	1	24	68	0	50	0	34	75	3	5	45	5	4	10	32	18	11	18	45	7	1	5	5	22	30	1	1	0	1	15	7	21	1	6	30	10	2	8	5	4	1	10	0	19	0	9	10	1	0	7	1	0	0	1	0	1	0	0	0	0	0	0	0	0	0	0	0	0	0	0	0	0	0
Pituitary	91	53	94	63	69	114	89	66	77	74	68	84	69	81	45	53	77	82	68	21	49	43	45	56	48	86	65	41	64	78	66	26	46	35	7	60	59	82	66	13	33	3	26	37	83	77	56	30	47	47	44	29	48	47	32	21	10	5	33	58	56	19	54	15	29	23	9	52	7	23	2	29	10	6	64	7	49	2	54	3	20	21	65	30	0	27	6	95	51	6	25	6	51	42	12	25	16	6	7	16	27	49	9	4	0	46	12	10	13	30	16	1	19	51	0	41	0	29	60	3	3	38	4	4	9	23	15	9	15	30	9	1	3	4	12	22	1	1	0	2	10	6	21	1	5	23	8	4	8	5	2	0	10	0	16	1	7	9	1	0	5	0	0	0	2	0	0	0	0	0	0	0	0	0	0	0	0	0	0	0	0	0	0	0
Prostate	72	48	73	41	72	96	68	63	54	62	49	64	56	66	31	33	64	66	54	13	37	38	42	41	39	72	58	24	54	73	46	18	31	27	9	44	46	77	61	10	23	1	25	33	74	61	41	18	41	49	32	19	39	35	26	19	9	3	25	45	49	19	40	11	23	19	7	33	5	18	0	20	8	6	47	3	41	1	40	3	12	19	60	24	0	26	4	75	38	2	20	0	39	41	8	21	10	6	8	13	16	46	6	1	0	35	8	10	13	22	12	1	9	40	0	33	0	20	39	0	2	32	3	3	9	18	12	10	10	21	6	0	4	3	11	20	0	1	0	1	11	5	13	1	6	17	7	2	6	3	2	0	7	0	10	1	6	10	0	0	4	0	0	0	1	0	0	0	0	0	0	0	0	0	0	0	0	0	0	0	0	0	0	0
Skin_Not_Sun_Exposed_Suprapubic	183	104	168	109	149	201	178	138	133	116	136	179	138	154	92	108	136	146	130	34	77	84	81	90	75	160	122	72	117	156	115	49	86	52	27	103	105	146	141	19	57	8	45	54	148	148	119	63	95	92	90	54	109	76	62	38	17	8	60	130	122	44	90	27	52	38	18	87	8	37	4	43	17	14	108	10	89	1	103	6	36	36	124	59	1	51	10	165	100	9	50	6	93	80	15	57	28	17	12	27	42	90	18	8	0	81	23	19	23	48	30	5	38	93	1	74	1	55	112	4	9	66	7	8	15	43	28	16	23	70	14	3	6	10	27	47	2	1	0	5	18	10	35	1	14	33	10	3	13	5	5	2	10	0	34	1	11	14	1	0	10	0	0	0	1	0	0	0	0	0	0	0	0	0	0	0	0	0	0	0	0	0	0	0
Skin_Sun_Exposed_Lower_leg	189	124	196	114	163	221	192	157	148	133	157	185	139	163	96	121	142	154	138	32	88	95	91	98	84	168	131	82	124	170	128	60	98	59	27	117	111	164	156	16	66	10	57	66	165	160	123	61	108	99	95	66	116	85	68	38	19	8	65	141	131	45	97	33	60	40	19	97	10	50	7	49	19	17	118	9	92	1	113	7	43	46	146	67	1	53	11	186	109	9	54	5	110	83	16	65	31	17	17	24	49	92	21	11	0	88	23	18	27	56	32	5	45	107	1	91	1	57	128	5	9	69	7	11	19	49	27	22	25	76	14	3	8	7	31	51	3	1	1	3	22	10	39	1	15	35	16	3	12	6	4	1	11	1	38	1	10	14	1	0	11	0	0	0	1	0	0	0	0	0	0	0	0	0	0	0	0	0	0	0	0	0	0	0
Small_Intestine_Terminal_Ileum	54	30	55	42	44	77	54	52	49	38	46	59	42	57	26	31	49	44	39	11	26	27	28	30	28	49	38	25	44	55	38	14	29	20	7	32	32	51	51	7	18	3	16	21	52	45	27	17	24	26	29	16	34	32	22	12	7	3	20	38	38	14	34	6	19	13	3	29	1	11	2	15	4	4	36	4	30	0	30	1	12	16	41	18	0	19	3	65	38	1	10	1	33	28	2	12	7	4	6	6	14	26	7	4	0	22	9	6	5	16	9	1	10	36	0	25	0	18	39	1	0	21	2	2	5	15	6	5	6	22	4	0	5	4	10	9	0	1	0	0	5	2	13	1	4	15	3	3	5	2	2	0	4	0	7	0	6	5	0	0	3	0	0	0	2	0	0	0	0	0	0	0	0	0	0	0	0	0	0	0	0	0	0	0
Spleen	107	62	120	66	84	114	111	91	82	80	81	107	78	92	56	60	86	90	86	24	50	51	54	51	55	100	75	43	77	95	67	27	53	34	13	65	62	91	87	10	31	6	32	34	106	88	66	32	59	62	49	30	64	52	41	23	14	6	40	77	75	25	60	19	34	22	9	50	5	17	3	22	10	7	66	8	60	1	59	4	23	27	76	34	1	31	4	112	59	3	30	3	56	45	6	24	21	7	11	15	28	58	13	5	0	50	10	13	13	33	18	1	25	51	0	51	1	34	72	2	1	46	3	6	11	28	18	9	15	42	6	0	4	7	21	23	1	1	0	2	11	6	22	1	6	27	8	2	8	4	4	1	9	0	20	1	9	9	0	0	5	0	0	0	1	0	0	0	0	0	0	0	0	0	0	0	0	0	0	0	0	0	0	0
Stomach	86	52	98	64	84	116	91	76	73	75	72	95	75	89	56	58	73	77	66	17	42	48	49	52	47	88	67	37	71	82	57	23	46	32	11	51	59	83	76	9	34	6	29	34	86	84	54	32	51	48	39	24	48	46	33	21	10	4	38	62	63	23	53	12	24	23	12	51	5	25	2	27	9	9	60	3	43	1	50	6	21	28	66	31	0	29	7	109	56	3	22	2	47	35	10	25	14	9	8	15	30	54	11	6	0	44	13	11	15	31	17	2	16	47	1	42	1	27	62	1	4	37	4	6	9	27	16	9	14	29	9	1	5	5	11	21	0	1	0	3	9	6	14	1	7	26	6	3	8	4	2	1	9	0	15	1	8	12	0	0	4	0	0	0	1	0	0	0	0	0	0	0	0	0	0	0	0	0	0	0	0	0	0	0
Testis	158	103	179	103	133	189	176	125	144	121	133	162	111	138	87	103	129	146	124	33	73	87	85	77	82	135	104	67	121	143	107	38	88	45	26	99	96	153	124	20	56	6	45	52	145	149	99	53	80	98	86	55	102	85	56	35	22	10	54	124	108	43	88	27	47	40	20	86	11	41	7	47	19	14	106	11	79	1	101	13	36	43	118	55	1	54	6	160	97	6	39	5	95	63	16	48	37	12	22	22	41	82	17	10	0	71	23	14	26	43	28	5	35	92	1	84	1	50	104	7	7	58	7	9	14	45	19	23	19	72	11	2	7	9	28	37	3	1	1	2	16	8	29	1	13	33	10	4	15	7	3	2	15	1	32	0	11	13	0	0	6	1	0	1	2	0	1	0	0	0	0	0	0	0	0	0	0	0	0	0	0	0	0	0
Thyroid	194	120	194	129	160	232	207	161	157	136	149	194	157	171	111	132	156	175	142	34	83	103	99	95	99	171	139	96	139	176	125	58	106	63	36	135	120	174	155	23	65	8	59	64	175	178	124	64	111	106	97	68	132	88	70	46	23	15	79	152	137	47	100	30	53	46	28	110	13	48	5	59	27	14	115	12	108	1	106	8	46	47	143	74	1	54	10	189	118	7	55	5	118	75	25	58	36	21	19	27	54	99	21	10	0	87	24	21	27	57	32	4	48	111	1	87	1	63	124	6	11	70	7	9	16	58	28	26	29	82	15	2	7	12	34	44	1	1	1	6	25	10	45	1	17	37	15	2	15	11	3	3	14	1	45	1	12	16	1	0	11	1	0	1	2	0	0	0	0	0	0	0	0	0	0	0	0	0	0	0	0	0	0	0
Uterus	32	21	31	20	26	37	21	21	27	21	26	26	23	30	14	16	25	23	16	5	11	20	17	14	17	22	25	10	26	28	19	9	17	14	5	15	15	30	24	4	7	0	11	12	25	21	15	8	14	15	12	9	17	14	11	5	3	2	13	19	21	3	13	4	8	8	0	19	1	6	1	10	5	2	21	2	16	0	18	1	8	6	21	12	0	13	3	34	19	0	9	0	15	16	0	9	2	2	3	4	9	16	5	0	0	13	4	2	5	11	6	0	5	22	0	17	0	11	20	0	0	14	1	0	5	10	3	2	3	13	0	0	2	2	5	6	0	0	0	0	4	2	5	0	2	9	2	1	3	1	2	0	4	0	3	0	5	3	0	0	0	0	0	0	0	0	0	0	0	0	0	0	0	0	0	0	0	0	0	0	0	0	0	0
Vagina	28	15	27	19	25	42	22	17	26	19	22	27	19	30	12	15	21	27	19	5	15	17	15	17	15	23	22	11	21	30	19	7	13	9	2	16	18	28	32	4	7	1	12	16	29	21	14	8	17	14	10	8	20	17	10	7	3	2	14	20	20	6	17	4	8	6	2	16	1	9	1	8	4	2	20	4	12	0	13	1	5	10	20	10	0	12	4	30	17	1	10	0	19	15	3	8	4	1	3	1	4	15	5	0	0	15	3	3	4	10	7	2	6	19	0	16	0	7	15	0	0	8	3	0	4	7	3	3	5	11	0	0	2	3	3	7	0	0	0	0	2	3	6	0	3	7	2	1	4	0	2	0	4	0	6	0	6	3	0	0	0	0	0	0	1	0	0	0	0	0	0	0	0	0	0	0	0	0	0	0	0	0	0	0
Whole_Blood	167	112	178	110	137	179	177	134	123	110	120	160	132	141	86	104	127	137	116	30	75	76	76	83	74	145	118	74	117	145	102	55	86	49	31	104	96	134	132	17	60	5	46	54	149	151	110	56	92	80	87	57	103	74	53	31	22	11	61	114	110	38	87	30	57	39	18	95	8	34	5	43	18	16	99	13	79	4	94	5	39	41	118	58	3	39	9	175	100	8	41	5	92	66	15	49	27	13	16	22	42	91	16	11	1	75	22	17	16	49	31	7	35	90	0	76	1	55	120	4	10	60	5	12	14	45	28	17	23	67	12	2	6	9	32	44	2	2	0	3	17	7	30	1	10	41	13	3	14	6	4	0	17	1	32	1	11	11	1	0	10	1	0	1	1	0	1	0	0	0	0	0	0	0	0	0	0	0	0	0	0	0	0	0
